0001.jpg 0.080000 0.000000 0.280000 0.000000 0.640000 0.000000 
0002.jpg 0.068966 0.000000 0.344828 0.068966 0.482759 0.034483 
0003.jpg 0.000000 0.000000 0.285714 0.000000 0.000000 0.714286 
0004.jpg 0.000000 0.000000 0.150000 0.000000 0.200000 0.650000 
0005.jpg 0.000000 0.041667 0.208333 0.000000 0.041667 0.708333 
0006.jpg 0.000000 0.000000 0.222222 0.000000 0.333333 0.444444 
0007.jpg 0.230769 0.500000 0.000000 0.038462 0.230769 0.000000 
0008.jpg 0.571429 0.000000 0.035714 0.285714 0.000000 0.107143 
0009.jpg 0.166667 0.000000 0.000000 0.833333 0.000000 0.000000 
0010.jpg 0.483871 0.064516 0.000000 0.000000 0.032258 0.419355 
0011.jpg 0.407407 0.259259 0.037037 0.259259 0.000000 0.037037 
0012.jpg 0.000000 0.064516 0.483871 0.000000 0.064516 0.387097 
0013.jpg 0.545455 0.000000 0.000000 0.409091 0.000000 0.045455 
0014.jpg 0.000000 0.000000 0.250000 0.035714 0.714286 0.000000 
0015.jpg 0.000000 0.000000 0.363636 0.045455 0.590909 0.000000 
0016.jpg 0.250000 0.000000 0.392857 0.321429 0.035714 0.000000 
0017.jpg 0.700000 0.033333 0.066667 0.200000 0.000000 0.000000 
0018.jpg 0.153846 0.115385 0.346154 0.153846 0.192308 0.038462 
0019.jpg 0.000000 0.035714 0.571429 0.000000 0.035714 0.357143 
0020.jpg 0.000000 0.000000 0.384615 0.000000 0.038462 0.576923 
0021.jpg 0.333333 0.633333 0.000000 0.033333 0.000000 0.000000 
0022.jpg 0.000000 0.000000 0.777778 0.185185 0.037037 0.000000 
0023.jpg 0.000000 0.000000 0.166667 0.250000 0.416667 0.166667 
0024.jpg 0.434783 0.000000 0.000000 0.565217 0.000000 0.000000 
0025.jpg 0.000000 0.296296 0.148148 0.333333 0.222222 0.000000 
0026.jpg 0.000000 0.000000 0.363636 0.000000 0.636364 0.000000 
0027.jpg 0.000000 0.000000 0.190476 0.047619 0.714286 0.047619 
0028.jpg 0.000000 0.074074 0.185185 0.037037 0.703704 0.000000 
0029.jpg 0.000000 0.095238 0.333333 0.000000 0.571429 0.000000 
0030.jpg 0.038462 0.000000 0.346154 0.076923 0.500000 0.038462 
0031.jpg 0.096774 0.000000 0.322581 0.580645 0.000000 0.000000 
0032.jpg 0.133333 0.033333 0.433333 0.366667 0.000000 0.033333 
0033.jpg 0.068966 0.034483 0.172414 0.034483 0.655172 0.034483 
0034.jpg 0.434783 0.173913 0.086957 0.000000 0.304348 0.000000 
0035.jpg 0.000000 0.043478 0.391304 0.000000 0.434783 0.130435 
0036.jpg 0.181818 0.000000 0.545455 0.000000 0.045455 0.227273 
0037.jpg 0.062500 0.531250 0.000000 0.000000 0.062500 0.343750 
0038.jpg 0.827586 0.000000 0.000000 0.000000 0.000000 0.172414 
0039.jpg 0.700000 0.300000 0.000000 0.000000 0.000000 0.000000 
0040.jpg 0.000000 0.000000 0.047619 0.000000 0.238095 0.714286 
0041.jpg 0.580645 0.419355 0.000000 0.000000 0.000000 0.000000 
0042.jpg 0.000000 0.000000 0.600000 0.000000 0.400000 0.000000 
0043.jpg 0.037037 0.000000 0.518519 0.037037 0.000000 0.407407 
0044.jpg 0.045455 0.000000 0.500000 0.045455 0.409091 0.000000 
0045.jpg 0.521739 0.043478 0.043478 0.043478 0.130435 0.217391 
0046.jpg 0.407407 0.111111 0.074074 0.259259 0.037037 0.111111 
0047.jpg 0.533333 0.033333 0.033333 0.066667 0.066667 0.266667 
0048.jpg 0.478261 0.043478 0.173913 0.043478 0.043478 0.217391 
0049.jpg 0.464286 0.071429 0.071429 0.214286 0.035714 0.142857 
0050.jpg 0.166667 0.266667 0.166667 0.000000 0.300000 0.100000 
0051.jpg 0.000000 0.000000 0.217391 0.000000 0.782609 0.000000 
0052.jpg 0.038462 0.000000 0.576923 0.076923 0.307692 0.000000 
0053.jpg 0.032258 0.000000 0.193548 0.000000 0.774194 0.000000 
0054.jpg 0.000000 0.000000 0.541667 0.000000 0.083333 0.375000 
0055.jpg 0.000000 0.076923 0.653846 0.038462 0.192308 0.038462 
0056.jpg 0.580645 0.387097 0.000000 0.000000 0.000000 0.032258 
0057.jpg 0.000000 0.050000 0.200000 0.000000 0.700000 0.050000 
0058.jpg 0.419355 0.516129 0.000000 0.000000 0.032258 0.032258 
0059.jpg 0.000000 0.000000 0.500000 0.227273 0.136364 0.136364 
0060.jpg 0.212121 0.000000 0.000000 0.787879 0.000000 0.000000 
0061.jpg 0.000000 0.000000 0.210526 0.000000 0.789474 0.000000 
0062.jpg 0.103448 0.034483 0.172414 0.000000 0.034483 0.655172 
0063.jpg 0.032258 0.129032 0.000000 0.000000 0.580645 0.258065 
0064.jpg 0.774194 0.032258 0.000000 0.193548 0.000000 0.000000 
0065.jpg 0.636364 0.000000 0.000000 0.363636 0.000000 0.000000 
0066.jpg 0.000000 0.040000 0.200000 0.160000 0.120000 0.480000 
0067.jpg 0.000000 0.000000 0.190476 0.000000 0.761905 0.047619 
0068.jpg 0.000000 0.214286 0.392857 0.000000 0.071429 0.321429 
0069.jpg 0.296296 0.629630 0.000000 0.000000 0.074074 0.000000 
0070.jpg 0.518519 0.407407 0.037037 0.000000 0.037037 0.000000 
0071.jpg 0.000000 0.000000 0.774194 0.000000 0.032258 0.193548 
0072.jpg 0.000000 0.000000 0.200000 0.700000 0.000000 0.100000 
0073.jpg 0.354839 0.064516 0.000000 0.161290 0.032258 0.387097 
0074.jpg 0.000000 0.000000 0.193548 0.096774 0.000000 0.709677 
0075.jpg 0.066667 0.000000 0.400000 0.100000 0.033333 0.400000 
0076.jpg 0.172414 0.034483 0.000000 0.793103 0.000000 0.000000 
0077.jpg 0.222222 0.185185 0.222222 0.074074 0.259259 0.037037 
0078.jpg 0.043478 0.043478 0.521739 0.000000 0.391304 0.000000 
0079.jpg 0.086957 0.000000 0.173913 0.130435 0.000000 0.608696 
0080.jpg 0.031250 0.062500 0.187500 0.000000 0.062500 0.656250 
0081.jpg 0.200000 0.033333 0.066667 0.000000 0.700000 0.000000 
0082.jpg 0.000000 0.000000 0.566667 0.000000 0.033333 0.400000 
0083.jpg 0.535714 0.142857 0.321429 0.000000 0.000000 0.000000 
0084.jpg 0.724138 0.206897 0.034483 0.000000 0.000000 0.034483 
0085.jpg 0.343750 0.000000 0.000000 0.625000 0.031250 0.000000 
0086.jpg 0.000000 0.000000 0.565217 0.043478 0.347826 0.043478 
0087.jpg 0.000000 0.000000 0.407407 0.037037 0.555556 0.000000 
0088.jpg 0.000000 0.045455 0.409091 0.000000 0.545455 0.000000 
0089.jpg 0.500000 0.468750 0.000000 0.000000 0.031250 0.000000 
0090.jpg 0.037037 0.037037 0.555556 0.000000 0.185185 0.185185 
0091.jpg 0.000000 0.000000 0.173913 0.043478 0.782609 0.000000 
0092.jpg 0.000000 0.000000 0.033333 0.033333 0.700000 0.233333 
0093.jpg 0.040000 0.000000 0.240000 0.000000 0.720000 0.000000 
0094.jpg 0.687500 0.250000 0.000000 0.000000 0.000000 0.062500 
0095.jpg 0.000000 0.000000 0.416667 0.083333 0.041667 0.458333 
0096.jpg 0.142857 0.214286 0.000000 0.071429 0.571429 0.000000 
0097.jpg 0.181818 0.090909 0.060606 0.606061 0.000000 0.060606 
0098.jpg 0.193548 0.032258 0.580645 0.096774 0.032258 0.064516 
0099.jpg 0.000000 0.000000 0.291667 0.041667 0.625000 0.041667 
0100.jpg 0.466667 0.000000 0.000000 0.466667 0.000000 0.066667 
0101.jpg 0.034483 0.000000 0.620690 0.000000 0.034483 0.310345 
0102.jpg 0.333333 0.030303 0.000000 0.636364 0.000000 0.000000 
0103.jpg 0.562500 0.093750 0.218750 0.093750 0.000000 0.031250 
0104.jpg 0.681818 0.090909 0.045455 0.000000 0.181818 0.000000 
0105.jpg 0.440000 0.040000 0.440000 0.080000 0.000000 0.000000 
0106.jpg 0.038462 0.000000 0.576923 0.000000 0.346154 0.038462 
0107.jpg 0.041667 0.000000 0.250000 0.000000 0.708333 0.000000 
0108.jpg 0.000000 0.000000 0.482759 0.000000 0.103448 0.413793 
0109.jpg 0.000000 0.322581 0.129032 0.000000 0.258065 0.290323 
0110.jpg 0.451613 0.096774 0.032258 0.419355 0.000000 0.000000 
0111.jpg 0.000000 0.200000 0.000000 0.050000 0.750000 0.000000 
0112.jpg 0.676471 0.294118 0.000000 0.000000 0.029412 0.000000 
0113.jpg 0.000000 0.000000 0.366667 0.033333 0.533333 0.066667 
0114.jpg 0.409091 0.000000 0.000000 0.590909 0.000000 0.000000 
0115.jpg 0.514286 0.142857 0.028571 0.285714 0.028571 0.000000 
0116.jpg 0.323529 0.000000 0.000000 0.676471 0.000000 0.000000 
0117.jpg 0.458333 0.000000 0.083333 0.416667 0.041667 0.000000 
0118.jpg 0.000000 0.034483 0.310345 0.000000 0.068966 0.586207 
0119.jpg 0.038462 0.000000 0.192308 0.000000 0.038462 0.730769 
0120.jpg 0.120000 0.080000 0.400000 0.040000 0.120000 0.240000 
0121.jpg 0.428571 0.542857 0.000000 0.000000 0.028571 0.000000 
0122.jpg 0.714286 0.047619 0.190476 0.000000 0.047619 0.000000 
0123.jpg 0.600000 0.080000 0.200000 0.080000 0.040000 0.000000 
0124.jpg 0.258065 0.032258 0.096774 0.032258 0.000000 0.580645 
0125.jpg 0.555556 0.000000 0.000000 0.444444 0.000000 0.000000 
0126.jpg 0.600000 0.000000 0.000000 0.400000 0.000000 0.000000 
0127.jpg 0.000000 0.000000 0.551724 0.000000 0.137931 0.310345 
0128.jpg 0.000000 0.400000 0.000000 0.000000 0.600000 0.000000 
0129.jpg 0.480000 0.360000 0.000000 0.000000 0.040000 0.120000 
0130.jpg 0.193548 0.032258 0.225806 0.096774 0.064516 0.387097 
0131.jpg 0.303030 0.484848 0.000000 0.000000 0.030303 0.181818 
0132.jpg 0.000000 0.000000 0.217391 0.000000 0.043478 0.739130 
0133.jpg 0.250000 0.218750 0.468750 0.000000 0.062500 0.000000 
0134.jpg 0.041667 0.000000 0.166667 0.041667 0.750000 0.000000 
0135.jpg 0.705882 0.205882 0.000000 0.029412 0.000000 0.058824 
0136.jpg 0.416667 0.000000 0.000000 0.583333 0.000000 0.000000 
0137.jpg 0.121212 0.454545 0.000000 0.000000 0.000000 0.424242 
0138.jpg 0.066667 0.033333 0.333333 0.033333 0.000000 0.533333 
0139.jpg 0.642857 0.000000 0.000000 0.321429 0.000000 0.035714 
0140.jpg 0.272727 0.090909 0.045455 0.545455 0.045455 0.000000 
0141.jpg 0.714286 0.035714 0.000000 0.214286 0.035714 0.000000 
0142.jpg 0.153846 0.115385 0.307692 0.000000 0.230769 0.192308 
0143.jpg 0.227273 0.000000 0.000000 0.727273 0.045455 0.000000 
0144.jpg 0.250000 0.178571 0.142857 0.000000 0.214286 0.214286 
0145.jpg 0.310345 0.413793 0.000000 0.000000 0.000000 0.275862 
0146.jpg 0.000000 0.000000 0.290323 0.000000 0.677419 0.032258 
0147.jpg 0.111111 0.037037 0.555556 0.000000 0.185185 0.111111 
0148.jpg 0.037037 0.000000 0.000000 0.074074 0.703704 0.185185 
0149.jpg 0.000000 0.000000 0.320000 0.000000 0.680000 0.000000 
0150.jpg 0.000000 0.000000 0.413793 0.000000 0.586207 0.000000 
0151.jpg 0.033333 0.000000 0.266667 0.200000 0.433333 0.066667 
0152.jpg 0.000000 0.043478 0.260870 0.043478 0.608696 0.043478 
0153.jpg 0.066667 0.000000 0.333333 0.033333 0.500000 0.066667 
0154.jpg 0.000000 0.000000 0.551724 0.000000 0.206897 0.241379 
0155.jpg 0.620690 0.172414 0.034483 0.034483 0.000000 0.137931 
0156.jpg 0.461538 0.038462 0.153846 0.192308 0.153846 0.000000 
0157.jpg 0.558824 0.000000 0.029412 0.264706 0.117647 0.029412 
0158.jpg 0.074074 0.222222 0.074074 0.000000 0.629630 0.000000 
0159.jpg 0.000000 0.000000 0.166667 0.041667 0.791667 0.000000 
0160.jpg 0.312500 0.000000 0.000000 0.625000 0.062500 0.000000 
0161.jpg 0.000000 0.000000 0.190476 0.761905 0.000000 0.047619 
0162.jpg 0.100000 0.033333 0.166667 0.000000 0.566667 0.133333 
0163.jpg 0.645161 0.000000 0.000000 0.322581 0.032258 0.000000 
0164.jpg 0.000000 0.000000 0.125000 0.000000 0.666667 0.208333 
0165.jpg 0.000000 0.000000 0.153846 0.000000 0.423077 0.423077 
0166.jpg 0.590909 0.090909 0.181818 0.000000 0.045455 0.090909 
0167.jpg 0.000000 0.000000 0.190476 0.047619 0.761905 0.000000 
0168.jpg 0.451613 0.096774 0.064516 0.129032 0.225806 0.032258 
0169.jpg 0.757576 0.181818 0.000000 0.000000 0.000000 0.060606 
0170.jpg 0.031250 0.000000 0.125000 0.031250 0.187500 0.625000 
0171.jpg 0.076923 0.000000 0.192308 0.038462 0.653846 0.038462 
0172.jpg 0.000000 0.037037 0.333333 0.592593 0.037037 0.000000 
0173.jpg 0.483871 0.096774 0.032258 0.032258 0.354839 0.000000 
0174.jpg 0.000000 0.000000 0.520000 0.000000 0.120000 0.360000 
0175.jpg 0.080000 0.000000 0.280000 0.600000 0.040000 0.000000 
0176.jpg 0.560000 0.200000 0.000000 0.000000 0.240000 0.000000 
0177.jpg 0.000000 0.000000 0.318182 0.000000 0.636364 0.045455 
0178.jpg 0.041667 0.208333 0.166667 0.000000 0.583333 0.000000 
0179.jpg 0.153846 0.000000 0.192308 0.038462 0.038462 0.576923 
0180.jpg 0.000000 0.030303 0.000000 0.060606 0.636364 0.272727 
0181.jpg 0.000000 0.000000 0.062500 0.125000 0.312500 0.500000 
0182.jpg 0.000000 0.000000 0.100000 0.033333 0.233333 0.633333 
0183.jpg 0.000000 0.035714 0.035714 0.392857 0.214286 0.321429 
0184.jpg 0.000000 0.000000 0.285714 0.000000 0.178571 0.535714 
0185.jpg 0.000000 0.000000 0.107143 0.000000 0.357143 0.535714 
0186.jpg 0.071429 0.285714 0.000000 0.000000 0.607143 0.035714 
0187.jpg 0.178571 0.000000 0.107143 0.392857 0.321429 0.000000 
0188.jpg 0.818182 0.000000 0.000000 0.181818 0.000000 0.000000 
0189.jpg 0.000000 0.000000 0.250000 0.031250 0.343750 0.375000 
0190.jpg 0.115385 0.038462 0.307692 0.153846 0.384615 0.000000 
0191.jpg 0.029412 0.000000 0.000000 0.323529 0.352941 0.294118 
0192.jpg 0.000000 0.000000 0.090909 0.000000 0.636364 0.272727 
0193.jpg 0.000000 0.000000 0.031250 0.062500 0.656250 0.250000 
0194.jpg 0.030303 0.000000 0.000000 0.030303 0.212121 0.727273 
0195.jpg 0.000000 0.000000 0.812500 0.000000 0.187500 0.000000 
0196.jpg 0.000000 0.028571 0.200000 0.000000 0.742857 0.028571 
0197.jpg 0.058824 0.147059 0.382353 0.000000 0.352941 0.058824 
0198.jpg 0.142857 0.314286 0.000000 0.000000 0.542857 0.000000 
0199.jpg 0.531250 0.000000 0.000000 0.468750 0.000000 0.000000 
0200.jpg 0.000000 0.000000 0.666667 0.000000 0.000000 0.333333 
0201.jpg 0.645161 0.193548 0.032258 0.032258 0.000000 0.096774 
0202.jpg 0.218750 0.031250 0.125000 0.375000 0.000000 0.250000 
0203.jpg 0.033333 0.000000 0.700000 0.033333 0.000000 0.233333 
0204.jpg 0.441176 0.000000 0.029412 0.529412 0.000000 0.000000 
0205.jpg 0.541667 0.000000 0.000000 0.458333 0.000000 0.000000 
0206.jpg 0.114286 0.085714 0.200000 0.000000 0.342857 0.257143 
0207.jpg 0.000000 0.032258 0.709677 0.032258 0.032258 0.193548 
0208.jpg 0.400000 0.342857 0.000000 0.028571 0.228571 0.000000 
0209.jpg 0.685714 0.000000 0.028571 0.257143 0.000000 0.028571 
0210.jpg 0.173913 0.000000 0.000000 0.695652 0.043478 0.086957 
0211.jpg 0.000000 0.000000 0.800000 0.000000 0.200000 0.000000 
0212.jpg 0.033333 0.000000 0.300000 0.033333 0.000000 0.633333 
0213.jpg 0.085714 0.085714 0.028571 0.057143 0.371429 0.371429 
0214.jpg 0.029412 0.000000 0.000000 0.147059 0.205882 0.617647 
0215.jpg 0.314286 0.142857 0.342857 0.200000 0.000000 0.000000 
0216.jpg 0.192308 0.038462 0.192308 0.576923 0.000000 0.000000 
0217.jpg 0.000000 0.000000 0.322581 0.032258 0.645161 0.000000 
0218.jpg 0.000000 0.000000 0.218750 0.031250 0.250000 0.500000 
0219.jpg 0.205882 0.058824 0.058824 0.117647 0.000000 0.558824 
0220.jpg 0.000000 0.000000 0.333333 0.133333 0.200000 0.333333 
0221.jpg 0.029412 0.705882 0.000000 0.000000 0.264706 0.000000 
0222.jpg 0.030303 0.424242 0.090909 0.000000 0.454545 0.000000 
0223.jpg 0.190476 0.000000 0.666667 0.142857 0.000000 0.000000 
0224.jpg 0.121212 0.181818 0.030303 0.000000 0.121212 0.545455 
0225.jpg 0.176471 0.000000 0.588235 0.029412 0.000000 0.205882 
0226.jpg 0.444444 0.037037 0.148148 0.000000 0.000000 0.370370 
0227.jpg 0.088235 0.205882 0.029412 0.058824 0.000000 0.617647 
0228.jpg 0.060606 0.030303 0.181818 0.666667 0.060606 0.000000 
0229.jpg 0.000000 0.000000 0.193548 0.032258 0.774194 0.000000 
0230.jpg 0.617647 0.352941 0.000000 0.029412 0.000000 0.000000 
0231.jpg 0.666667 0.083333 0.000000 0.250000 0.000000 0.000000 
0232.jpg 0.040000 0.000000 0.200000 0.000000 0.760000 0.000000 
0233.jpg 0.032258 0.000000 0.354839 0.000000 0.580645 0.032258 
0234.jpg 0.235294 0.000000 0.029412 0.000000 0.000000 0.735294 
0235.jpg 0.214286 0.142857 0.035714 0.035714 0.571429 0.000000 
0236.jpg 0.031250 0.000000 0.281250 0.031250 0.625000 0.031250 
0237.jpg 0.375000 0.000000 0.000000 0.625000 0.000000 0.000000 
0238.jpg 0.205882 0.029412 0.000000 0.676471 0.029412 0.058824 
0239.jpg 0.000000 0.000000 0.045455 0.045455 0.590909 0.318182 
0240.jpg 0.000000 0.000000 0.294118 0.088235 0.000000 0.617647 
0241.jpg 0.666667 0.000000 0.083333 0.208333 0.041667 0.000000 
0242.jpg 0.035714 0.000000 0.285714 0.035714 0.000000 0.642857 
0243.jpg 0.000000 0.125000 0.312500 0.062500 0.500000 0.000000 
0244.jpg 0.000000 0.000000 0.212121 0.030303 0.000000 0.757576 
0245.jpg 0.000000 0.000000 0.208333 0.041667 0.750000 0.000000 
0246.jpg 0.272727 0.212121 0.272727 0.060606 0.060606 0.121212 
0247.jpg 0.033333 0.066667 0.433333 0.233333 0.233333 0.000000 
0248.jpg 0.285714 0.035714 0.535714 0.107143 0.000000 0.035714 
0249.jpg 0.035714 0.000000 0.321429 0.000000 0.071429 0.571429 
0250.jpg 0.000000 0.000000 0.185185 0.777778 0.000000 0.037037 
0251.jpg 0.029412 0.000000 0.617647 0.117647 0.176471 0.058824 
0252.jpg 0.147059 0.058824 0.470588 0.147059 0.000000 0.176471 
0253.jpg 0.029412 0.029412 0.264706 0.176471 0.029412 0.470588 
0254.jpg 0.031250 0.000000 0.406250 0.000000 0.531250 0.031250 
0255.jpg 0.000000 0.000000 0.200000 0.280000 0.520000 0.000000 
0256.jpg 0.037037 0.000000 0.296296 0.074074 0.074074 0.518519 
0257.jpg 0.321429 0.178571 0.000000 0.071429 0.428571 0.000000 
0258.jpg 0.363636 0.121212 0.060606 0.030303 0.000000 0.424242 
0259.jpg 0.033333 0.000000 0.166667 0.033333 0.733333 0.033333 
0260.jpg 0.750000 0.000000 0.000000 0.250000 0.000000 0.000000 
0261.jpg 0.205882 0.117647 0.088235 0.441176 0.147059 0.000000 
0262.jpg 0.045455 0.045455 0.590909 0.045455 0.090909 0.181818 
0263.jpg 0.235294 0.264706 0.264706 0.058824 0.117647 0.058824 
0264.jpg 0.000000 0.000000 0.565217 0.434783 0.000000 0.000000 
0265.jpg 0.406250 0.218750 0.156250 0.156250 0.031250 0.031250 
0266.jpg 0.062500 0.000000 0.406250 0.000000 0.531250 0.000000 
0267.jpg 0.034483 0.344828 0.275862 0.068966 0.275862 0.000000 
0268.jpg 0.032258 0.032258 0.645161 0.258065 0.032258 0.000000 
0269.jpg 0.515152 0.121212 0.242424 0.060606 0.000000 0.060606 
0270.jpg 0.000000 0.000000 0.423077 0.038462 0.230769 0.307692 
0271.jpg 0.000000 0.000000 0.548387 0.064516 0.322581 0.064516 
0272.jpg 0.000000 0.000000 0.375000 0.125000 0.458333 0.041667 
0273.jpg 0.303030 0.090909 0.151515 0.333333 0.060606 0.060606 
0274.jpg 0.047619 0.000000 0.190476 0.761905 0.000000 0.000000 
0275.jpg 0.000000 0.058824 0.205882 0.058824 0.676471 0.000000 
0276.jpg 0.000000 0.000000 0.666667 0.090909 0.000000 0.242424 
0277.jpg 0.034483 0.000000 0.551724 0.068966 0.275862 0.068966 
0278.jpg 0.764706 0.176471 0.000000 0.058824 0.000000 0.000000 
0279.jpg 0.083333 0.000000 0.125000 0.000000 0.250000 0.541667 
0280.jpg 0.040000 0.040000 0.320000 0.120000 0.400000 0.080000 
0281.jpg 0.272727 0.606061 0.030303 0.060606 0.030303 0.000000 
0282.jpg 0.062500 0.156250 0.468750 0.000000 0.312500 0.000000 
0283.jpg 0.484848 0.060606 0.000000 0.030303 0.000000 0.424242 
0284.jpg 0.000000 0.000000 0.225806 0.387097 0.000000 0.387097 
0285.jpg 0.156250 0.343750 0.062500 0.031250 0.218750 0.187500 
0286.jpg 0.029412 0.000000 0.088235 0.029412 0.352941 0.500000 
0287.jpg 0.000000 0.000000 0.166667 0.066667 0.100000 0.666667 
0288.jpg 0.000000 0.000000 0.238095 0.047619 0.666667 0.047619 
0289.jpg 0.172414 0.000000 0.482759 0.034483 0.000000 0.310345 
0290.jpg 0.000000 0.032258 0.387097 0.032258 0.483871 0.064516 
0291.jpg 0.333333 0.366667 0.033333 0.000000 0.000000 0.266667 
0292.jpg 0.217391 0.000000 0.000000 0.782609 0.000000 0.000000 
0293.jpg 0.121212 0.181818 0.030303 0.000000 0.030303 0.636364 
0294.jpg 0.153846 0.038462 0.615385 0.192308 0.000000 0.000000 
0295.jpg 0.727273 0.000000 0.000000 0.212121 0.030303 0.030303 
0296.jpg 0.000000 0.000000 0.625000 0.218750 0.156250 0.000000 
0297.jpg 0.000000 0.000000 0.068966 0.034483 0.724138 0.172414 
0298.jpg 0.000000 0.030303 0.484848 0.000000 0.272727 0.212121 
0299.jpg 0.647059 0.235294 0.000000 0.058824 0.058824 0.000000 
0300.jpg 0.193548 0.774194 0.000000 0.000000 0.032258 0.000000 
0301.jpg 0.218750 0.093750 0.468750 0.062500 0.156250 0.000000 
0302.jpg 0.275862 0.103448 0.206897 0.034483 0.103448 0.275862 
0303.jpg 0.222222 0.296296 0.000000 0.074074 0.407407 0.000000 
0304.jpg 0.090909 0.030303 0.181818 0.696970 0.000000 0.000000 
0305.jpg 0.515152 0.484848 0.000000 0.000000 0.000000 0.000000 
0306.jpg 0.720000 0.040000 0.000000 0.040000 0.200000 0.000000 
0307.jpg 0.382353 0.000000 0.000000 0.588235 0.000000 0.029412 
0308.jpg 0.066667 0.000000 0.166667 0.033333 0.633333 0.100000 
0309.jpg 0.000000 0.000000 0.214286 0.000000 0.750000 0.035714 
0310.jpg 0.000000 0.000000 0.212121 0.030303 0.060606 0.696970 
0311.jpg 0.371429 0.057143 0.000000 0.542857 0.028571 0.000000 
0312.jpg 0.117647 0.029412 0.058824 0.058824 0.264706 0.470588 
0313.jpg 0.041667 0.000000 0.208333 0.000000 0.125000 0.625000 
0314.jpg 0.787879 0.030303 0.000000 0.181818 0.000000 0.000000 
0315.jpg 0.205882 0.264706 0.000000 0.264706 0.029412 0.235294 
0316.jpg 0.000000 0.371429 0.000000 0.028571 0.571429 0.028571 
0317.jpg 0.000000 0.000000 0.166667 0.033333 0.766667 0.033333 
0318.jpg 0.148148 0.000000 0.370370 0.481481 0.000000 0.000000 
0319.jpg 0.107143 0.214286 0.035714 0.035714 0.607143 0.000000 
0320.jpg 0.657143 0.314286 0.000000 0.000000 0.028571 0.000000 
0321.jpg 0.000000 0.000000 0.233333 0.100000 0.133333 0.533333 
0322.jpg 0.233333 0.066667 0.500000 0.033333 0.166667 0.000000 
0323.jpg 0.225806 0.096774 0.387097 0.161290 0.096774 0.032258 
0324.jpg 0.035714 0.000000 0.607143 0.000000 0.321429 0.035714 
0325.jpg 0.000000 0.000000 0.482759 0.034483 0.413793 0.068966 
0326.jpg 0.129032 0.000000 0.451613 0.354839 0.064516 0.000000 
0327.jpg 0.031250 0.281250 0.031250 0.031250 0.281250 0.343750 
0328.jpg 0.647059 0.000000 0.029412 0.294118 0.029412 0.000000 
0329.jpg 0.037037 0.000000 0.370370 0.037037 0.037037 0.518519 
0330.jpg 0.043478 0.000000 0.695652 0.173913 0.000000 0.086957 
0331.jpg 0.185185 0.000000 0.000000 0.703704 0.074074 0.037037 
0332.jpg 0.032258 0.000000 0.193548 0.032258 0.032258 0.709677 
0333.jpg 0.114286 0.400000 0.028571 0.028571 0.342857 0.085714 
0334.jpg 0.800000 0.171429 0.000000 0.028571 0.000000 0.000000 
0335.jpg 0.107143 0.000000 0.035714 0.107143 0.464286 0.285714 
0336.jpg 0.275862 0.172414 0.103448 0.137931 0.034483 0.275862 
0337.jpg 0.200000 0.333333 0.000000 0.033333 0.433333 0.000000 
0338.jpg 0.500000 0.205882 0.000000 0.264706 0.000000 0.029412 
0339.jpg 0.031250 0.031250 0.187500 0.000000 0.531250 0.218750 
0340.jpg 0.171429 0.028571 0.200000 0.142857 0.000000 0.457143 
0341.jpg 0.777778 0.000000 0.037037 0.185185 0.000000 0.000000 
0342.jpg 0.000000 0.000000 0.428571 0.107143 0.035714 0.428571 
0343.jpg 0.593750 0.093750 0.000000 0.281250 0.031250 0.000000 
0344.jpg 0.805556 0.166667 0.000000 0.027778 0.000000 0.000000 
0345.jpg 0.444444 0.055556 0.000000 0.472222 0.027778 0.000000 
0346.jpg 0.708333 0.166667 0.041667 0.041667 0.041667 0.000000 
0347.jpg 0.151515 0.121212 0.121212 0.060606 0.181818 0.363636 
0348.jpg 0.218750 0.093750 0.000000 0.000000 0.343750 0.343750 
0349.jpg 0.029412 0.264706 0.029412 0.000000 0.088235 0.588235 
0350.jpg 0.685714 0.314286 0.000000 0.000000 0.000000 0.000000 
0351.jpg 0.129032 0.129032 0.000000 0.032258 0.193548 0.516129 
0352.jpg 0.000000 0.028571 0.171429 0.028571 0.257143 0.514286 
0353.jpg 0.080000 0.000000 0.280000 0.160000 0.040000 0.440000 
0354.jpg 0.107143 0.000000 0.428571 0.035714 0.250000 0.178571 
0355.jpg 0.138889 0.194444 0.111111 0.138889 0.000000 0.416667 
0356.jpg 0.200000 0.000000 0.000000 0.742857 0.028571 0.028571 
0357.jpg 0.470588 0.058824 0.000000 0.411765 0.000000 0.058824 
0358.jpg 0.000000 0.235294 0.000000 0.000000 0.764706 0.000000 
0359.jpg 0.703704 0.111111 0.000000 0.000000 0.185185 0.000000 
0360.jpg 0.038462 0.038462 0.307692 0.000000 0.076923 0.538462 
0361.jpg 0.205882 0.264706 0.441176 0.058824 0.000000 0.029412 
0362.jpg 0.000000 0.000000 0.500000 0.038462 0.038462 0.423077 
0363.jpg 0.000000 0.000000 0.185185 0.000000 0.629630 0.185185 
0364.jpg 0.483871 0.000000 0.000000 0.032258 0.483871 0.000000 
0365.jpg 0.151515 0.242424 0.030303 0.272727 0.030303 0.272727 
0366.jpg 0.000000 0.485714 0.028571 0.000000 0.142857 0.342857 
0367.jpg 0.787879 0.181818 0.000000 0.030303 0.000000 0.000000 
0368.jpg 0.235294 0.000000 0.558824 0.176471 0.029412 0.000000 
0369.jpg 0.041667 0.000000 0.250000 0.625000 0.083333 0.000000 
0370.jpg 0.032258 0.000000 0.580645 0.290323 0.000000 0.096774 
0371.jpg 0.194444 0.000000 0.027778 0.750000 0.027778 0.000000 
0372.jpg 0.187500 0.218750 0.000000 0.000000 0.062500 0.531250 
0373.jpg 0.000000 0.222222 0.185185 0.148148 0.407407 0.037037 
0374.jpg 0.000000 0.000000 0.375000 0.541667 0.041667 0.041667 
0375.jpg 0.361111 0.333333 0.027778 0.222222 0.000000 0.055556 
0376.jpg 0.485714 0.085714 0.000000 0.371429 0.000000 0.057143 
0377.jpg 0.571429 0.000000 0.000000 0.400000 0.028571 0.000000 
0378.jpg 0.272727 0.000000 0.000000 0.727273 0.000000 0.000000 
0379.jpg 0.580645 0.225806 0.000000 0.032258 0.161290 0.000000 
0380.jpg 0.000000 0.142857 0.057143 0.171429 0.314286 0.314286 
0381.jpg 0.000000 0.030303 0.363636 0.060606 0.060606 0.484848 
0382.jpg 0.527778 0.083333 0.027778 0.194444 0.000000 0.166667 
0383.jpg 0.000000 0.000000 0.392857 0.035714 0.142857 0.428571 
0384.jpg 0.575758 0.181818 0.030303 0.000000 0.030303 0.181818 
0385.jpg 0.440000 0.080000 0.320000 0.080000 0.000000 0.080000 
0386.jpg 0.238095 0.000000 0.000000 0.714286 0.047619 0.000000 
0387.jpg 0.235294 0.088235 0.000000 0.588235 0.088235 0.000000 
0388.jpg 0.464286 0.000000 0.035714 0.464286 0.000000 0.035714 
0389.jpg 0.312500 0.031250 0.031250 0.625000 0.000000 0.000000 
0390.jpg 0.400000 0.000000 0.000000 0.600000 0.000000 0.000000 
0391.jpg 0.571429 0.371429 0.000000 0.028571 0.000000 0.028571 
0392.jpg 0.000000 0.000000 0.695652 0.086957 0.217391 0.000000 
0393.jpg 0.269231 0.076923 0.153846 0.000000 0.500000 0.000000 
0394.jpg 0.148148 0.074074 0.444444 0.000000 0.222222 0.111111 
0395.jpg 0.066667 0.000000 0.166667 0.100000 0.000000 0.666667 
0396.jpg 0.125000 0.000000 0.031250 0.000000 0.218750 0.625000 
0397.jpg 0.636364 0.000000 0.045455 0.136364 0.000000 0.181818 
0398.jpg 0.545455 0.060606 0.151515 0.181818 0.000000 0.060606 
0399.jpg 0.428571 0.357143 0.000000 0.035714 0.178571 0.000000 
0400.jpg 0.000000 0.000000 0.718750 0.062500 0.031250 0.187500 
0401.jpg 0.206897 0.034483 0.103448 0.620690 0.034483 0.000000 
0402.jpg 0.107143 0.142857 0.214286 0.357143 0.178571 0.000000 
0403.jpg 0.000000 0.000000 0.461538 0.076923 0.038462 0.423077 
0404.jpg 0.636364 0.318182 0.000000 0.000000 0.045455 0.000000 
0405.jpg 0.034483 0.000000 0.620690 0.034483 0.068966 0.241379 
0406.jpg 0.028571 0.000000 0.200000 0.028571 0.000000 0.742857 
0407.jpg 0.093750 0.031250 0.000000 0.031250 0.656250 0.187500 
0408.jpg 0.771429 0.171429 0.000000 0.028571 0.000000 0.028571 
0409.jpg 0.750000 0.031250 0.000000 0.218750 0.000000 0.000000 
0410.jpg 0.441176 0.000000 0.000000 0.558824 0.000000 0.000000 
0411.jpg 0.076923 0.038462 0.230769 0.038462 0.615385 0.000000 
0412.jpg 0.233333 0.033333 0.200000 0.066667 0.133333 0.333333 
0413.jpg 0.457143 0.028571 0.028571 0.457143 0.000000 0.028571 
0414.jpg 0.100000 0.000000 0.600000 0.033333 0.066667 0.200000 
0415.jpg 0.382353 0.441176 0.000000 0.176471 0.000000 0.000000 
0416.jpg 0.181818 0.060606 0.000000 0.030303 0.030303 0.696970 
0417.jpg 0.000000 0.000000 0.379310 0.103448 0.379310 0.137931 
0418.jpg 0.375000 0.000000 0.000000 0.062500 0.000000 0.562500 
0419.jpg 0.360000 0.040000 0.000000 0.040000 0.000000 0.560000 
0420.jpg 0.531250 0.125000 0.000000 0.125000 0.000000 0.218750 
0421.jpg 0.166667 0.000000 0.000000 0.433333 0.000000 0.400000 
0422.jpg 0.694444 0.166667 0.000000 0.111111 0.000000 0.027778 
0423.jpg 0.200000 0.714286 0.000000 0.000000 0.085714 0.000000 
0424.jpg 0.055556 0.027778 0.361111 0.027778 0.027778 0.500000 
0425.jpg 0.083333 0.055556 0.277778 0.055556 0.027778 0.500000 
0426.jpg 0.735294 0.235294 0.000000 0.029412 0.000000 0.000000 
0427.jpg 0.000000 0.000000 0.206897 0.034483 0.275862 0.482759 
0428.jpg 0.029412 0.029412 0.323529 0.029412 0.000000 0.588235 
0429.jpg 0.121212 0.000000 0.393939 0.212121 0.000000 0.272727 
0430.jpg 0.185185 0.000000 0.259259 0.111111 0.037037 0.407407 
0431.jpg 0.628571 0.000000 0.000000 0.371429 0.000000 0.000000 
0432.jpg 0.000000 0.043478 0.304348 0.000000 0.608696 0.043478 
0433.jpg 0.033333 0.000000 0.300000 0.033333 0.100000 0.533333 
0434.jpg 0.565217 0.304348 0.043478 0.043478 0.043478 0.000000 
0435.jpg 0.000000 0.030303 0.454545 0.212121 0.060606 0.242424 
0436.jpg 0.030303 0.000000 0.272727 0.363636 0.000000 0.333333 
0437.jpg 0.205882 0.176471 0.000000 0.352941 0.000000 0.264706 
0438.jpg 0.764706 0.205882 0.000000 0.000000 0.000000 0.029412 
0439.jpg 0.571429 0.314286 0.000000 0.057143 0.000000 0.057143 
0440.jpg 0.333333 0.027778 0.000000 0.611111 0.027778 0.000000 
0441.jpg 0.068966 0.068966 0.379310 0.068966 0.206897 0.206897 
0442.jpg 0.461538 0.192308 0.115385 0.000000 0.000000 0.230769 
0443.jpg 0.742857 0.085714 0.000000 0.171429 0.000000 0.000000 
0444.jpg 0.344828 0.103448 0.034483 0.482759 0.034483 0.000000 
0445.jpg 0.000000 0.000000 0.296296 0.037037 0.444444 0.222222 
0446.jpg 0.000000 0.000000 0.676471 0.029412 0.294118 0.000000 
0447.jpg 0.500000 0.062500 0.000000 0.437500 0.000000 0.000000 
0448.jpg 0.129032 0.419355 0.193548 0.193548 0.000000 0.064516 
0449.jpg 0.294118 0.000000 0.000000 0.147059 0.000000 0.558824 
0450.jpg 0.028571 0.000000 0.228571 0.000000 0.028571 0.714286 
0451.jpg 0.000000 0.000000 0.090909 0.090909 0.636364 0.181818 
0452.jpg 0.235294 0.235294 0.029412 0.058824 0.000000 0.441176 
0453.jpg 0.038462 0.000000 0.653846 0.000000 0.115385 0.192308 
0454.jpg 0.133333 0.166667 0.066667 0.400000 0.066667 0.166667 
0455.jpg 0.586207 0.206897 0.000000 0.034483 0.172414 0.000000 
0456.jpg 0.035714 0.000000 0.178571 0.107143 0.428571 0.250000 
0457.jpg 0.083333 0.166667 0.083333 0.000000 0.027778 0.638889 
0458.jpg 0.000000 0.000000 0.318182 0.000000 0.636364 0.045455 
0459.jpg 0.117647 0.205882 0.058824 0.058824 0.058824 0.500000 
0460.jpg 0.370370 0.074074 0.000000 0.111111 0.444444 0.000000 
0461.jpg 0.000000 0.057143 0.228571 0.057143 0.657143 0.000000 
0462.jpg 0.000000 0.064516 0.580645 0.129032 0.193548 0.032258 
0463.jpg 0.028571 0.028571 0.714286 0.028571 0.028571 0.171429 
0464.jpg 0.138889 0.222222 0.000000 0.111111 0.000000 0.527778 
0465.jpg 0.071429 0.000000 0.285714 0.035714 0.107143 0.500000 
0466.jpg 0.071429 0.000000 0.464286 0.035714 0.357143 0.071429 
0467.jpg 0.212121 0.303030 0.151515 0.000000 0.303030 0.030303 
0468.jpg 0.000000 0.000000 0.275862 0.000000 0.034483 0.689655 
0469.jpg 0.482759 0.000000 0.068966 0.448276 0.000000 0.000000 
0470.jpg 0.000000 0.000000 0.428571 0.000000 0.428571 0.142857 
0471.jpg 0.607143 0.000000 0.000000 0.392857 0.000000 0.000000 
0472.jpg 0.685714 0.200000 0.085714 0.000000 0.028571 0.000000 
0473.jpg 0.000000 0.000000 0.269231 0.269231 0.423077 0.038462 
0474.jpg 0.000000 0.000000 0.423077 0.384615 0.115385 0.076923 
0475.jpg 0.500000 0.107143 0.035714 0.035714 0.178571 0.142857 
0476.jpg 0.000000 0.000000 0.379310 0.068966 0.517241 0.034483 
0477.jpg 0.000000 0.033333 0.233333 0.033333 0.566667 0.133333 
0478.jpg 0.305556 0.000000 0.000000 0.305556 0.000000 0.388889 
0479.jpg 0.457143 0.457143 0.000000 0.000000 0.000000 0.085714 
0480.jpg 0.114286 0.171429 0.057143 0.000000 0.028571 0.628571 
0481.jpg 0.388889 0.111111 0.000000 0.027778 0.000000 0.472222 
0482.jpg 0.035714 0.000000 0.107143 0.000000 0.214286 0.642857 
0483.jpg 0.074074 0.000000 0.296296 0.074074 0.111111 0.444444 
0484.jpg 0.000000 0.000000 0.533333 0.266667 0.000000 0.200000 
0485.jpg 0.029412 0.000000 0.617647 0.352941 0.000000 0.000000 
0486.jpg 0.000000 0.041667 0.333333 0.625000 0.000000 0.000000 
0487.jpg 0.000000 0.000000 0.676471 0.029412 0.294118 0.000000 
0488.jpg 0.060606 0.000000 0.515152 0.090909 0.333333 0.000000 
0489.jpg 0.285714 0.000000 0.028571 0.171429 0.000000 0.514286 
0490.jpg 0.027778 0.055556 0.055556 0.111111 0.277778 0.472222 
0491.jpg 0.500000 0.055556 0.000000 0.444444 0.000000 0.000000 
0492.jpg 0.000000 0.000000 0.172414 0.827586 0.000000 0.000000 
0493.jpg 0.440000 0.000000 0.000000 0.520000 0.000000 0.040000 
0494.jpg 0.028571 0.200000 0.000000 0.028571 0.000000 0.742857 
0495.jpg 0.107143 0.214286 0.321429 0.035714 0.321429 0.000000 
0496.jpg 0.000000 0.000000 0.238095 0.714286 0.047619 0.000000 
0497.jpg 0.482759 0.000000 0.000000 0.103448 0.172414 0.241379 
0498.jpg 0.344828 0.034483 0.000000 0.517241 0.034483 0.068966 
0499.jpg 0.242424 0.000000 0.636364 0.060606 0.000000 0.060606 
0500.jpg 0.000000 0.000000 0.227273 0.090909 0.681818 0.000000 
0501.jpg 0.000000 0.000000 0.444444 0.111111 0.444444 0.000000 
0502.jpg 0.000000 0.000000 0.290323 0.258065 0.000000 0.451613 
0503.jpg 0.000000 0.000000 0.250000 0.500000 0.000000 0.250000 
0504.jpg 0.000000 0.000000 0.575758 0.030303 0.121212 0.272727 
0505.jpg 0.153846 0.000000 0.346154 0.038462 0.000000 0.461538 
0506.jpg 0.000000 0.000000 0.285714 0.571429 0.035714 0.107143 
0507.jpg 0.076923 0.000000 0.269231 0.000000 0.461538 0.192308 
0508.jpg 0.000000 0.028571 0.000000 0.000000 0.771429 0.200000 
0509.jpg 0.000000 0.000000 0.206897 0.551724 0.034483 0.206897 
0510.jpg 0.484848 0.030303 0.000000 0.424242 0.000000 0.060606 
0511.jpg 0.035714 0.000000 0.357143 0.178571 0.428571 0.000000 
0512.jpg 0.000000 0.277778 0.000000 0.027778 0.138889 0.555556 
0513.jpg 0.000000 0.035714 0.571429 0.035714 0.321429 0.035714 
0514.jpg 0.714286 0.000000 0.000000 0.257143 0.028571 0.000000 
0515.jpg 0.093750 0.000000 0.375000 0.156250 0.000000 0.375000 
0516.jpg 0.735294 0.000000 0.000000 0.264706 0.000000 0.000000 
0517.jpg 0.125000 0.218750 0.093750 0.000000 0.468750 0.093750 
0518.jpg 0.000000 0.000000 0.782609 0.043478 0.000000 0.173913 
0519.jpg 0.062500 0.250000 0.093750 0.156250 0.093750 0.343750 
0520.jpg 0.121212 0.060606 0.272727 0.545455 0.000000 0.000000 
0521.jpg 0.085714 0.000000 0.257143 0.085714 0.000000 0.571429 
0522.jpg 0.000000 0.000000 0.363636 0.000000 0.000000 0.636364 
0523.jpg 0.000000 0.000000 0.230769 0.038462 0.653846 0.076923 
0524.jpg 0.040000 0.000000 0.640000 0.080000 0.240000 0.000000 
0525.jpg 0.028571 0.000000 0.457143 0.000000 0.114286 0.400000 
0526.jpg 0.615385 0.038462 0.038462 0.307692 0.000000 0.000000 
0527.jpg 0.000000 0.000000 0.633333 0.066667 0.033333 0.266667 
0528.jpg 0.064516 0.000000 0.258065 0.000000 0.645161 0.032258 
0529.jpg 0.571429 0.342857 0.028571 0.028571 0.028571 0.000000 
0530.jpg 0.000000 0.000000 0.638889 0.027778 0.027778 0.305556 
0531.jpg 0.342857 0.085714 0.000000 0.571429 0.000000 0.000000 
0532.jpg 0.062500 0.000000 0.500000 0.062500 0.031250 0.343750 
0533.jpg 0.115385 0.038462 0.192308 0.576923 0.076923 0.000000 
0534.jpg 0.029412 0.000000 0.647059 0.000000 0.323529 0.000000 
0535.jpg 0.444444 0.027778 0.027778 0.500000 0.000000 0.000000 
0536.jpg 0.035714 0.000000 0.678571 0.035714 0.250000 0.000000 
0537.jpg 0.000000 0.000000 0.529412 0.029412 0.088235 0.352941 
0538.jpg 0.444444 0.111111 0.000000 0.259259 0.185185 0.000000 
0539.jpg 0.000000 0.000000 0.451613 0.000000 0.161290 0.387097 
0540.jpg 0.771429 0.171429 0.000000 0.028571 0.028571 0.000000 
0541.jpg 0.000000 0.090909 0.181818 0.424242 0.212121 0.090909 
0542.jpg 0.000000 0.000000 0.400000 0.000000 0.142857 0.457143 
0543.jpg 0.028571 0.000000 0.685714 0.028571 0.000000 0.257143 
0544.jpg 0.029412 0.000000 0.558824 0.029412 0.000000 0.382353 
0545.jpg 0.028571 0.000000 0.542857 0.000000 0.000000 0.428571 
0546.jpg 0.038462 0.000000 0.692308 0.038462 0.038462 0.192308 
0547.jpg 0.125000 0.062500 0.312500 0.093750 0.000000 0.406250 
0548.jpg 0.000000 0.000000 0.228571 0.142857 0.000000 0.628571 
0549.jpg 0.032258 0.000000 0.290323 0.000000 0.612903 0.064516 
0550.jpg 0.035714 0.035714 0.500000 0.035714 0.035714 0.357143 
0551.jpg 0.038462 0.000000 0.346154 0.000000 0.038462 0.576923 
0552.jpg 0.028571 0.228571 0.028571 0.028571 0.685714 0.000000 
0553.jpg 0.035714 0.035714 0.285714 0.035714 0.607143 0.000000 
0554.jpg 0.227273 0.000000 0.000000 0.727273 0.045455 0.000000 
0555.jpg 0.562500 0.000000 0.031250 0.406250 0.000000 0.000000 
0556.jpg 0.057143 0.400000 0.000000 0.057143 0.371429 0.114286 
0557.jpg 0.027778 0.000000 0.027778 0.027778 0.750000 0.166667 
0558.jpg 0.000000 0.038462 0.038462 0.115385 0.192308 0.615385 
0559.jpg 0.580645 0.032258 0.032258 0.064516 0.064516 0.225806 
0560.jpg 0.000000 0.000000 0.333333 0.030303 0.060606 0.575758 
0561.jpg 0.000000 0.000000 0.642857 0.035714 0.142857 0.178571 
0562.jpg 0.058824 0.441176 0.000000 0.000000 0.500000 0.000000 
0563.jpg 0.030303 0.454545 0.030303 0.000000 0.484848 0.000000 
0564.jpg 0.115385 0.000000 0.230769 0.615385 0.000000 0.038462 
0565.jpg 0.000000 0.064516 0.225806 0.161290 0.516129 0.032258 
0566.jpg 0.055556 0.694444 0.000000 0.000000 0.250000 0.000000 
0567.jpg 0.000000 0.000000 0.482759 0.068966 0.034483 0.413793 
0568.jpg 0.000000 0.000000 0.433333 0.033333 0.100000 0.433333 
0569.jpg 0.297297 0.135135 0.000000 0.081081 0.000000 0.486486 
0570.jpg 0.035714 0.000000 0.214286 0.214286 0.000000 0.535714 
0571.jpg 0.062500 0.000000 0.031250 0.031250 0.406250 0.468750 
0572.jpg 0.406250 0.187500 0.031250 0.031250 0.343750 0.000000 
0573.jpg 0.000000 0.031250 0.468750 0.031250 0.406250 0.062500 
0574.jpg 0.000000 0.000000 0.538462 0.000000 0.346154 0.115385 
0575.jpg 0.722222 0.194444 0.000000 0.055556 0.000000 0.027778 
0576.jpg 0.305556 0.444444 0.083333 0.027778 0.138889 0.000000 
0577.jpg 0.030303 0.000000 0.303030 0.000000 0.242424 0.424242 
0578.jpg 0.103448 0.034483 0.241379 0.620690 0.000000 0.000000 
0579.jpg 0.027778 0.055556 0.305556 0.138889 0.194444 0.277778 
0580.jpg 0.062500 0.000000 0.500000 0.031250 0.062500 0.343750 
0581.jpg 0.000000 0.000000 0.454545 0.000000 0.272727 0.272727 
0582.jpg 0.777778 0.000000 0.000000 0.185185 0.037037 0.000000 
0583.jpg 0.000000 0.000000 0.290323 0.612903 0.000000 0.096774 
0584.jpg 0.027027 0.000000 0.216216 0.054054 0.027027 0.675676 
0585.jpg 0.428571 0.000000 0.035714 0.535714 0.000000 0.000000 
0586.jpg 0.041667 0.000000 0.541667 0.000000 0.375000 0.041667 
0587.jpg 0.076923 0.000000 0.576923 0.307692 0.038462 0.000000 
0588.jpg 0.000000 0.000000 0.571429 0.071429 0.357143 0.000000 
0589.jpg 0.034483 0.000000 0.655172 0.000000 0.137931 0.172414 
0590.jpg 0.181818 0.060606 0.181818 0.515152 0.060606 0.000000 
0591.jpg 0.027778 0.277778 0.000000 0.000000 0.055556 0.638889 
0592.jpg 0.566667 0.000000 0.100000 0.233333 0.033333 0.066667 
0593.jpg 0.055556 0.277778 0.138889 0.194444 0.000000 0.333333 
0594.jpg 0.640000 0.080000 0.040000 0.240000 0.000000 0.000000 
0595.jpg 0.000000 0.000000 0.233333 0.033333 0.166667 0.566667 
0596.jpg 0.040000 0.000000 0.400000 0.000000 0.000000 0.560000 
0597.jpg 0.000000 0.000000 0.558824 0.352941 0.029412 0.058824 
0598.jpg 0.038462 0.000000 0.423077 0.000000 0.192308 0.346154 
0599.jpg 0.216216 0.243243 0.000000 0.081081 0.000000 0.459459 
0600.jpg 0.171429 0.228571 0.114286 0.028571 0.000000 0.457143 
0601.jpg 0.029412 0.029412 0.588235 0.029412 0.294118 0.029412 
0602.jpg 0.636364 0.303030 0.060606 0.000000 0.000000 0.000000 
0603.jpg 0.583333 0.166667 0.083333 0.000000 0.000000 0.166667 
0604.jpg 0.675676 0.000000 0.027027 0.297297 0.000000 0.000000 
0605.jpg 0.257143 0.000000 0.000000 0.714286 0.028571 0.000000 
0606.jpg 0.000000 0.000000 0.333333 0.033333 0.633333 0.000000 
0607.jpg 0.214286 0.035714 0.607143 0.107143 0.035714 0.000000 
0608.jpg 0.750000 0.000000 0.000000 0.218750 0.031250 0.000000 
0609.jpg 0.058824 0.000000 0.264706 0.000000 0.176471 0.500000 
0610.jpg 0.000000 0.000000 0.500000 0.076923 0.423077 0.000000 
0611.jpg 0.000000 0.000000 0.437500 0.000000 0.250000 0.312500 
0612.jpg 0.517241 0.482759 0.000000 0.000000 0.000000 0.000000 
0613.jpg 0.000000 0.000000 0.166667 0.100000 0.733333 0.000000 
0614.jpg 0.333333 0.611111 0.000000 0.055556 0.000000 0.000000 
0615.jpg 0.074074 0.037037 0.370370 0.037037 0.370370 0.111111 
0616.jpg 0.000000 0.035714 0.464286 0.000000 0.000000 0.500000 
0617.jpg 0.200000 0.114286 0.028571 0.057143 0.000000 0.600000 
0618.jpg 0.000000 0.000000 0.388889 0.027778 0.000000 0.583333 
0619.jpg 0.571429 0.200000 0.028571 0.000000 0.000000 0.200000 
0620.jpg 0.194444 0.777778 0.000000 0.000000 0.027778 0.000000 
0621.jpg 0.000000 0.000000 0.125000 0.000000 0.625000 0.250000 
0622.jpg 0.000000 0.000000 0.187500 0.062500 0.750000 0.000000 
0623.jpg 0.280000 0.000000 0.680000 0.040000 0.000000 0.000000 
0624.jpg 0.000000 0.030303 0.181818 0.000000 0.787879 0.000000 
0625.jpg 0.129032 0.032258 0.419355 0.032258 0.354839 0.032258 
